[gd_scene load_steps=9 format=3 uid="uid://cbvvrheo66yo"]

[ext_resource type="ArrayMesh" uid="uid://t11mxt2jhw3d" path="res://assets/models/furniture_from_grabcad/office-chair-oguz-buran-1.snapshot.1/office chair26202301.obj" id="1_k8rsy"]

[sub_resource type="StandardMaterial3D" id="StandardMaterial3D_6mavc"]
emission_enabled = true
emission = Color(0.984314, 0.623529, 0.501961, 1)
emission_energy_multiplier = 0.35

[sub_resource type="BoxShape3D" id="BoxShape3D_vkcjn"]
size = Vector3(45.1006, 9.62878, 46.8747)

[sub_resource type="BoxShape3D" id="BoxShape3D_cdof5"]
size = Vector3(3.36427, 4.95259, 1)

[sub_resource type="BoxShape3D" id="BoxShape3D_fiean"]
size = Vector3(0.352062, 1.16644, 0.332878)

[sub_resource type="BoxShape3D" id="BoxShape3D_mh474"]
size = Vector3(0.335723, 0.238316, 3.10136)

[sub_resource type="BoxShape3D" id="BoxShape3D_3ganu"]
size = Vector3(0.215941, 0.339964, 2.91917)

[sub_resource type="CylinderShape3D" id="CylinderShape3D_goxjx"]
height = 2.73818
radius = 0.398073

[node name="Node3D" type="Node3D"]

[node name="StaticBody3D" type="StaticBody3D" parent="."]
transform = Transform3D(2.5, 0, 0, 0, 2.5, 0, 0, 0, 2.5, 0, 0, 0)

[node name="OfficeChair26202301" type="MeshInstance3D" parent="StaticBody3D"]
transform = Transform3D(0.1, 0, 0, 0, 0.1, 0, 0, 0, 0.1, 0.0446129, 4.59413, 0.0440609)
material_override = SubResource("StandardMaterial3D_6mavc")
mesh = ExtResource("1_k8rsy")
skeleton = NodePath("../..")

[node name="coll_seat" type="CollisionShape3D" parent="StaticBody3D"]
transform = Transform3D(0.1, 0, 0, 0, 0.1, 0, 0, 0, 0.1, 0.0871263, 3.94915, 0.018211)
shape = SubResource("BoxShape3D_vkcjn")

[node name="coll_back" type="CollisionShape3D" parent="StaticBody3D"]
transform = Transform3D(1, 0, 0, 0, 0.993869, 0.110567, 0, -0.110567, 0.993869, 0, 6.1742, -2.34618)
shape = SubResource("BoxShape3D_cdof5")

[node name="coll_arm_rest1_front" type="CollisionShape3D" parent="StaticBody3D"]
transform = Transform3D(1, 0, 0, 0, 0.975165, -0.22148, 0, 0.22148, 0.975165, 2.07321, 4.8558, 0.962705)
shape = SubResource("BoxShape3D_fiean")

[node name="coll_arm_rest2_front" type="CollisionShape3D" parent="StaticBody3D"]
transform = Transform3D(1, 0, 0, 0, 0.975165, -0.22148, 0, 0.22148, 0.975165, -2.00491, 4.8558, 0.962705)
shape = SubResource("BoxShape3D_fiean")

[node name="coll_arm_rest2_top" type="CollisionShape3D" parent="StaticBody3D"]
transform = Transform3D(1, 0, 0, 0, 0.999884, 0.0152012, 0, -0.0152012, 0.999884, -2.01639, 5.28026, -0.422383)
shape = SubResource("BoxShape3D_mh474")

[node name="coll_arm_rest1_top" type="CollisionShape3D" parent="StaticBody3D"]
transform = Transform3D(1, 0, 0, 0, 0.999576, 0.0291254, 0, -0.0291254, 0.999576, 2.06203, 5.2957, -0.422383)
shape = SubResource("BoxShape3D_mh474")

[node name="coll_leg1" type="CollisionShape3D" parent="StaticBody3D"]
transform = Transform3D(0.953084, 0.00518987, -0.302662, -0.0510252, 0.988301, -0.143732, 0.298375, 0.152432, 0.942198, -0.276533, 0.938415, 1.59433)
shape = SubResource("BoxShape3D_3ganu")

[node name="coll_leg2" type="CollisionShape3D" parent="StaticBody3D"]
transform = Transform3D(0.015715, -0.143107, -0.989583, -0.0510252, 0.9883, -0.143732, 0.998574, 0.0527523, 0.00822894, -1.25798, 0.938415, -0.0322463)
shape = SubResource("BoxShape3D_3ganu")

[node name="coll_leg3" type="CollisionShape3D" parent="StaticBody3D"]
transform = Transform3D(-0.94698, -0.0935921, -0.307359, -0.0510252, 0.9883, -0.143732, 0.317216, -0.120428, -0.940676, -0.261087, 0.938415, -1.62594)
shape = SubResource("BoxShape3D_3ganu")

[node name="coll_leg4" type="CollisionShape3D" parent="StaticBody3D"]
transform = Transform3D(-0.584727, 0.0871087, 0.80654, -0.0510252, 0.9883, -0.143732, -0.809624, -0.125198, -0.573441, 1.56027, 0.938415, -0.983782)
shape = SubResource("BoxShape3D_3ganu")

[node name="coll_leg5" type="CollisionShape3D" parent="StaticBody3D"]
transform = Transform3D(0.584159, 0.146266, 0.798351, -0.0510252, 0.9883, -0.143732, -0.810034, 0.0432262, 0.584788, 1.56027, 0.938415, 0.919428)
shape = SubResource("BoxShape3D_3ganu")

[node name="coll_centre_pole" type="CollisionShape3D" parent="StaticBody3D"]
transform = Transform3D(1, 0, 0, 0, 1, 0, 0, 0, 1, 0.251522, 2.19319, 0)
shape = SubResource("CylinderShape3D_goxjx")
